# disk star misalignment analysis of myers data. column 0: age(years), column 1: masses(g), column 2-2+ntimes: misalignment profiles, column 3+ntimes - 3+2ntimes: mass profiles, column 4+2ntimes: radii(AU)
1.672087025045062415e+06 2.245107849794281260e+28 9.171520179876583301e-01 8.561449960284989169e-01 8.769828728611108737e-01 4.439005461313878952e+31 5.684785129835850346e+31 6.385091110643070694e+31 3.500000000000001421e+01
1.672707613035404589e+06 1.426670890350225826e+29 9.626932906857151862e-01 9.042001996736788172e-01 9.286088302963025898e-01 4.650781964867879768e+31 5.935417503471317784e+31 6.825357007538670380e+31 4.443657965212634764e+01
1.673005543116797227e+06 1.555017857654719054e+29 1.024280960629666781e+00 9.965075247835035732e-01 9.744437073159873952e-01 4.938321250707307590e+31 6.278474642214481325e+31 7.244820734001735974e+31 5.641741746227935295e+01
0.000000000000000000e+00 0.000000000000000000e+00 1.103007996123551937e+00 1.136943860720968980e+00 1.036845272527831652e+00 5.334967988379765280e+31 6.818092293524436951e+31 7.723996796572731574e+31 7.162848756656684657e+01
0.000000000000000000e+00 0.000000000000000000e+00 1.217184801930054627e+00 1.238785629109396158e+00 1.109040277899474791e+00 5.919990469687901409e+31 7.520289335900222635e+31 8.341605060939018176e+31 9.094071408894576791e+01
0.000000000000000000e+00 0.000000000000000000e+00 1.380594024943742948e+00 1.314324562940015984e+00 1.184834982304425965e+00 6.878177806522331821e+31 8.394443810061527376e+31 9.184442501941964500e+31 1.154598367209910492e+02
0.000000000000000000e+00 0.000000000000000000e+00 1.445015874657758825e+00 1.372134682097819081e+00 1.248854529063900820e+00 8.163887436738350666e+31 9.581825270320777695e+31 1.033029633882579945e+32 1.465897208878240576e+02
0.000000000000000000e+00 0.000000000000000000e+00 1.460165712740525423e+00 1.404800761944469345e+00 1.294855061164751797e+00 9.835206258210419244e+31 1.123638741926295605e+32 1.195139632764202737e+32 1.861127373832788976e+02
0.000000000000000000e+00 0.000000000000000000e+00 1.437220772828600612e+00 1.417594530080126480e+00 1.323272534076080698e+00 1.214949781226249005e+32 1.350998934083205592e+32 1.418513749450011273e+32 2.362918136859250637e+02
0.000000000000000000e+00 0.000000000000000000e+00 1.415123059820218909e+00 1.432851141030223818e+00 1.350845043421224245e+00 1.514389201476604115e+32 1.645631205626725040e+32 1.711235854431683371e+32 3.000000000000002274e+02
