# disk star misalignment analysis of myers data. column 0: age(years), column 1: masses(g), column 2-2+ntimes: misalignment profiles, column 3+ntimes - 3+2ntimes: mass profiles, column 4+2ntimes: radii(AU)
1.672087025045062415e+06 6.271231019774215123e+31 1.466238314046517388e-01 1.549306601972255948e-01 1.568242379847796519e-01 5.464544467482793606e+30 4.698225275840974849e+30 4.441344315761073203e+30 3.500000000000001421e+01
1.672707613035404589e+06 6.331883259675963779e+31 1.425915757306035758e-01 1.412719271128105580e-01 1.557128433199514994e-01 1.042952555989606858e+31 8.128416177834757472e+30 8.059747183682392119e+30 4.443657965212634764e+01
1.673005543116797227e+06 6.352940314626559944e+31 1.405061928597727550e-01 1.394356567418626736e-01 1.602519308380562779e-01 1.803732824995806993e+31 1.341917501776942519e+31 1.325317405356844911e+31 5.641741746227935295e+01
0.000000000000000000e+00 0.000000000000000000e+00 1.352758867708313550e-01 1.467685228863032099e-01 1.676056924050784991e-01 2.704781459413893564e+31 2.146721682122120987e+31 2.067445262959449373e+31 7.162848756656684657e+01
0.000000000000000000e+00 0.000000000000000000e+00 1.234224576684348484e-01 1.558690917794212372e-01 1.738644760341379880e-01 3.607052202927676110e+31 3.238298192932533441e+31 3.063361187209029830e+31 9.094071408894576791e+01
0.000000000000000000e+00 0.000000000000000000e+00 1.184498530057855742e-01 1.411552962709891890e-01 1.772772317052291047e-01 4.550794030307830607e+31 4.477551684735842120e+31 4.301460837948436947e+31 1.154598367209910492e+02
0.000000000000000000e+00 0.000000000000000000e+00 1.196100849737225108e-01 1.184293034482063606e-01 1.546167917788450197e-01 5.629285111912422017e+31 5.606990272744810559e+31 5.583228856785298450e+31 1.465897208878240576e+02
0.000000000000000000e+00 0.000000000000000000e+00 1.101063173919231697e-01 1.209240784994048551e-01 1.438602376218424961e-01 6.638174843404603704e+31 6.731126706122323325e+31 6.747219473126522565e+31 1.861127373832788976e+02
0.000000000000000000e+00 0.000000000000000000e+00 9.924154386837497066e-02 1.232746155071250543e-01 1.439930159989904201e-01 7.911271455391023224e+31 8.009948567526102093e+31 8.113271694631462746e+31 2.362918136859250637e+02
0.000000000000000000e+00 0.000000000000000000e+00 1.005082119959752190e-01 1.218151923150227467e-01 1.362010002107720830e-01 9.769358988125376269e+31 9.903208477390782745e+31 1.001253389767231935e+32 3.000000000000002274e+02
