# disk star misalignment analysis of myers data. column 0: age(years), column 1: masses(g), column 2-2+ntimes: misalignment profiles, column 3+ntimes - 3+2ntimes: mass profiles, column 4+2ntimes: radii(AU)
6.273531245756903445e+03 1.142856898058234951e+32 1.507518593502437776e+00 1.765281643958626967e+00 2.735783328821102060e+30 1.257596941287017918e+30 5.000000000000000888e+00
6.337286378461989443e+03 1.269050908538312321e+32 1.520884350322512901e+00 1.790151794580853606e+00 3.186599995285739923e+30 1.372676383486670687e+30 5.496022040013489374e+00
0.000000000000000000e+00 0.000000000000000000e+00 1.509670797935653619e+00 1.818307270273499032e+00 3.536666410310337216e+30 1.516444826228147988e+30 6.041251652862782429e+00
0.000000000000000000e+00 0.000000000000000000e+00 1.523631649082150874e+00 1.800870917963264484e+00 4.049257239182835667e+30 1.677389422055325059e+30 6.640570446680354344e+00
0.000000000000000000e+00 0.000000000000000000e+00 1.523293365338383776e+00 1.811867456996842041e+00 4.513290093418000201e+30 1.857262117595864405e+30 7.299344306643459568e+00
0.000000000000000000e+00 0.000000000000000000e+00 1.526328149221765518e+00 1.789696265687902521e+00 5.048691586987981780e+30 2.064391576909824542e+30 8.023471437391886951e+00
0.000000000000000000e+00 0.000000000000000000e+00 1.526966786943155574e+00 1.750343847214981041e+00 5.575732619565076265e+30 2.281944097347568078e+30 8.819435171464867551e+00
0.000000000000000000e+00 0.000000000000000000e+00 1.510429215280658655e+00 1.713246632111045109e+00 6.166267338652527704e+30 2.551840863995184308e+30 9.694362016568209839e+00
0.000000000000000000e+00 0.000000000000000000e+00 1.498761572515604712e+00 1.641555682684582296e+00 6.774721950809625808e+30 2.851219787203639074e+30 1.065608546138565593e+01
0.000000000000000000e+00 0.000000000000000000e+00 1.477902910152012250e+00 1.592842902149329554e+00 7.394537347140554450e+30 3.182573808768650427e+30 1.171321611120857575e+01
0.000000000000000000e+00 0.000000000000000000e+00 1.446805533560608037e+00 1.556478732637404327e+00 8.097585924631240982e+30 3.570014551795040555e+30 1.287521878132868380e+01
0.000000000000000000e+00 0.000000000000000000e+00 1.424206028383050437e+00 1.545931402277907152e+00 8.843055953050455053e+30 4.009371046900894317e+30 1.415249723843555429e+01
0.000000000000000000e+00 0.000000000000000000e+00 1.384935133580010636e+00 1.524112846601841875e+00 9.651995384308294580e+30 4.504295873057362932e+30 1.555648734873436823e+01
0.000000000000000000e+00 0.000000000000000000e+00 1.382873062192927271e+00 1.519411502355219046e+00 1.054583429472653210e+31 5.099655182591101361e+30 1.709975946676695102e+01
0.000000000000000000e+00 0.000000000000000000e+00 1.420945986630885338e+00 1.503112974006889591e+00 1.155589037747320628e+31 5.801355711677354417e+30 1.879613098165609131e+01
0.000000000000000000e+00 0.000000000000000000e+00 1.459741637215788534e+00 1.488857177800642750e+00 1.271390373021865914e+31 6.624997592564747986e+30 2.066079002843236623e+01
0.000000000000000000e+00 0.000000000000000000e+00 1.492787841241720148e+00 1.485764559066354851e+00 1.405985754251192290e+31 7.598026622826007716e+30 2.271043147207104340e+01
0.000000000000000000e+00 0.000000000000000000e+00 1.513901425596672068e+00 1.488575825695707122e+00 1.562601023492130127e+31 8.736707359042016681e+30 2.496340638174368820e+01
0.000000000000000000e+00 0.000000000000000000e+00 1.532265326314339760e+00 1.484460099661394583e+00 1.747760962796524839e+31 1.009763266467118088e+31 2.743988633357522389e+01
0.000000000000000000e+00 0.000000000000000000e+00 1.556582758392472732e+00 1.463446472779714291e+00 1.952762422645643854e+31 1.173747809680843576e+31 3.016204401295887649e+01
0.000000000000000000e+00 0.000000000000000000e+00 1.547160996375906095e+00 1.429376584779360915e+00 2.183951876102020652e+31 1.376481160202762603e+31 3.315425173341563436e+01
0.000000000000000000e+00 0.000000000000000000e+00 1.477934639282121987e+00 1.374819546642199075e+00 2.459608872744530586e+31 1.633662511812940880e+31 3.644329964940155264e+01
0.000000000000000000e+00 0.000000000000000000e+00 1.391931377451337548e+00 1.280792797676925776e+00 2.788517524882214144e+31 1.947892436227614032e+31 4.005863561678518892e+01
0.000000000000000000e+00 0.000000000000000000e+00 1.299458387079520216e+00 1.103116969856284824e+00 3.192013352658622648e+31 2.338176449419834046e+31 4.403262884854415660e+01
0.000000000000000000e+00 0.000000000000000000e+00 1.136029804210171523e+00 7.940195939293208660e-01 3.765418858501081467e+31 2.839817490616038172e+31 4.840085972626648925e+01
0.000000000000000000e+00 0.000000000000000000e+00 9.684185283775024189e-01 4.009909657090132140e-01 4.512810010296109033e+31 3.554430513677756801e+31 5.320243836223215794e+01
0.000000000000000000e+00 0.000000000000000000e+00 8.665170139140213612e-01 9.191555736423304146e-02 5.347827238963569562e+31 4.383165586767769433e+31 5.848035476425742019e+01
0.000000000000000000e+00 0.000000000000000000e+00 5.625078460866994590e-01 5.529859525228063566e-01 6.437029496302749086e+31 5.092412533673943154e+31 6.428186373843306001e+01
0.000000000000000000e+00 0.000000000000000000e+00 9.239471403257031312e-01 8.768409198569270258e-01 7.351934889927251066e+31 5.867857308217942907e+31 7.065890797591440275e+01
0.000000000000000000e+00 0.000000000000000000e+00 1.113249115149083535e+00 1.036405408137766937e+00 8.347501233620832392e+31 6.739203082039630009e+31 7.766858311178177132e+01
0.000000000000000000e+00 0.000000000000000000e+00 1.185956776895608744e+00 1.115966866831409110e+00 9.489631949566238252e+31 7.712550042019341060e+31 8.537364891979441950e+01
0.000000000000000000e+00 0.000000000000000000e+00 1.221336268574185979e+00 1.159434474673699533e+00 1.075996356533784909e+32 8.815590386846390975e+31 9.384309121991277891e+01
0.000000000000000000e+00 0.000000000000000000e+00 1.247512908879607085e+00 1.191645923822183484e+00 1.250562199033854176e+32 1.010274471016364102e+32 1.031527395295269685e+02
0.000000000000000000e+00 0.000000000000000000e+00 1.261937649374802906e+00 1.194248161718933110e+00 1.407108055475362756e+32 1.180593449372428151e+32 1.133859459884097163e+02
0.000000000000000000e+00 0.000000000000000000e+00 1.265874759953437678e+00 1.170973585134610584e+00 1.598809216974380961e+32 1.373114207478463960e+32 1.246343316360157729e+02
0.000000000000000000e+00 0.000000000000000000e+00 1.248355976369005305e+00 1.101350340387549531e+00 1.836722695919558225e+32 1.644322283079444379e+32 1.369986067227786180e+02
0.000000000000000000e+00 0.000000000000000000e+00 1.200347697169944716e+00 1.023177972692293602e+00 2.152238393067454609e+32 1.991288154281080363e+32 1.505894723999056737e+02
0.000000000000000000e+00 0.000000000000000000e+00 1.117508668188804899e+00 9.395204426195099545e-01 2.575984467716181377e+32 2.416488312091996145e+32 1.655286118607768913e+02
0.000000000000000000e+00 0.000000000000000000e+00 9.753799102041723623e-01 8.347722919174656031e-01 3.136226055152953277e+32 2.945533723315284739e+32 1.819497798079328561e+02
0.000000000000000000e+00 0.000000000000000000e+00 9.224200255364626289e-01 8.525276752281026882e-01 3.713265442356358683e+32 3.489601606542198977e+32 2.000000000000000568e+02
