# disk star misalignment analysis of myers data. column 0: age(years), column 1: masses(g), column 2-2+ntimes: misalignment profiles, column 3+ntimes - 3+2ntimes: mass profiles, column 4+2ntimes: radii(AU)
1.672087025045062415e+06 3.910782764924147226e+27 1.940779092260404681e+00 1.958791174135015911e+00 1.898571091701957592e+00 2.012085585293720754e+29 1.699272895335887653e+29 1.486140925742834639e+29 3.500000000000001421e+01
1.672707613035404589e+06 3.910783984558574823e+27 1.784908779192954320e+00 1.997260432986903478e+00 1.923319103832400456e+00 3.993724408105233579e+29 3.433669917953605362e+29 3.075467796583817518e+29 4.443657965212634764e+01
1.673005543116797227e+06 3.910784408301422636e+27 1.544273338591146238e+00 2.030212188777322790e+00 1.980940735668962560e+00 7.689759056305565790e+29 6.885785461369792474e+29 6.340808006075587637e+29 5.641741746227935295e+01
0.000000000000000000e+00 0.000000000000000000e+00 1.403586791817247104e+00 1.993420600149642841e+00 2.004499312356889273e+00 1.444371794034524512e+30 1.369042475356600135e+30 1.288646106475676027e+30 7.162848756656684657e+01
0.000000000000000000e+00 0.000000000000000000e+00 1.370871266334845906e+00 1.822136541872179327e+00 1.939498708588947018e+00 2.680703356390459584e+30 2.637628003529029769e+30 2.533137129923910343e+30 9.094071408894576791e+01
0.000000000000000000e+00 0.000000000000000000e+00 1.341577691675847950e+00 1.684680890591376379e+00 1.786296030774025878e+00 4.999000726157014354e+30 4.956247553070957954e+30 4.827315993378329055e+30 1.154598367209910492e+02
0.000000000000000000e+00 0.000000000000000000e+00 1.336101375971314953e+00 1.282635708154374665e+00 1.274988539849913893e+00 9.133349027940665253e+30 9.013612618768256033e+30 8.847001383809278416e+30 1.465897208878240576e+02
0.000000000000000000e+00 0.000000000000000000e+00 1.371261248675353039e+00 6.281451079766010581e-01 8.741672650083881502e-01 1.587434520433040647e+31 1.569826038920181396e+31 1.552761050244494410e+31 1.861127373832788976e+02
0.000000000000000000e+00 0.000000000000000000e+00 1.417296377218680847e+00 1.212972486550376594e+00 1.340102896605019911e+00 2.706815885401445111e+31 2.699667231189087980e+31 2.692835578427425250e+31 2.362918136859250637e+02
0.000000000000000000e+00 0.000000000000000000e+00 1.318280574834677976e+00 1.363976448115926665e+00 1.402977393776958959e+00 4.437628388560643459e+31 4.463970203127550011e+31 4.477774959573913230e+31 3.000000000000002274e+02
