# disk star misalignment analysis of myers data. column 0: age(years), column 1: masses(g), column 2-2+ntimes: misalignment profiles, column 3+ntimes - 3+2ntimes: mass profiles, column 4+2ntimes: radii(AU)
1.744688029872582294e+06 1.041860584151944557e+33 1.814240528595635338e+00 3.326920419389400307e-01 4.123101755154257031e-01 4.010480947286557685e-01 5.452490242138199328e-01 5.815733201456425583e-01 5.828878916494045291e+28 8.011394019161078210e+29 1.648483538738089210e+29 3.316917221768146856e+29 1.112518491694207686e+29 9.900686252351291072e+28 4.000000000000001421e+01
1.776329666954114335e+06 2.348538989869842773e+33 1.189558569304643543e+00 4.822834746179649468e-01 4.123101755154257031e-01 4.010480947286557685e-01 4.792189235544687675e-01 5.978275603038922803e-01 1.020413029955206517e+29 1.997379145696842766e+30 1.648483538738089210e+29 3.316917221768146856e+29 1.426452294039504494e+29 1.067649120434189233e+29 4.515351566738755906e+01
1.797477009020385332e+06 3.182403654265901678e+33 1.765405972643594223e+00 3.612998297893229016e-01 1.395261021205269902e-01 3.039954803373058345e-01 4.988514710780100891e-01 4.334605983370985460e-01 1.724386547738508599e+29 3.380361534939311101e+30 8.608332180413242997e+29 9.753937810969513406e+29 5.254625846458674885e+29 3.444846235760778324e+29 5.097099942812531026e+01
1.807726130550413160e+06 3.591046153110963487e+33 7.707460342748724269e-01 3.777263827868577728e-01 1.420431300779480266e-01 3.045434838968402169e-01 4.460906178420490087e-01 4.051943972758556556e-01 3.961772077486258174e+29 4.386723709604871680e+30 1.405384524468995045e+30 2.390667977500909113e+30 1.178873993918016146e+30 1.159390735555769332e+30 5.753799553150643220e+01
1.823548581118789036e+06 4.397527090471082338e+33 8.268765832357444223e-01 3.036694575302473775e-01 8.303750121588805710e-02 2.993486850076202965e-01 4.054549587448178505e-01 3.842226765019371992e-01 8.101350315112393795e+29 5.789250351673240501e+30 2.689767898567130829e+30 4.728283603879807108e+30 1.858465312763068882e+30 2.312908103780838630e+30 6.495106956754899841e+01
1.839193085747437552e+06 5.302387251279196827e+33 1.028416357231040079e+00 2.432959465632987539e-01 1.744021319516669000e-01 3.415702874112921950e-01 3.884878443149771821e-01 4.281887041827737161e-01 1.332947580248540429e+30 1.032720226151630140e+31 3.644912438872760803e+30 6.757015146681251665e+30 3.393888650950459448e+30 3.412578299916489893e+30 7.331922843329753903e+01
0.000000000000000000e+00 0.000000000000000000e+00 7.119654689617765930e-01 2.740274423217000654e-01 1.516813607594046376e-01 3.424452995996223881e-01 3.860236220849875277e-01 3.985164660417171434e-01 2.667287382126317237e+30 1.668323101520157180e+31 7.976558583490970938e+30 1.271597058307455469e+31 5.676305249793921719e+30 7.326602864734253881e+30 8.276552324459164822e+01
0.000000000000000000e+00 0.000000000000000000e+00 8.352510407375195456e-01 2.764307107343204617e-01 1.171524761255845065e-01 3.049086977173320334e-01 3.889016969711364125e-01 3.722264165025918059e-01 4.858393456544532583e+30 2.084007757035371499e+31 1.439449802907560707e+31 2.319854348013420303e+31 1.202365515482652550e+31 1.547335851587611619e+31 9.342885876360489306e+01
0.000000000000000000e+00 0.000000000000000000e+00 8.083586411260813565e-01 2.212465653541142996e-01 1.678446383814312937e-01 3.269442484391449910e-01 3.998491857358253965e-01 3.731362988458921115e-01 7.269411362890112826e+30 3.379021914484244969e+31 2.245181896389028456e+31 3.738018040002250551e+31 1.846537016320743369e+31 2.634728870583019916e+31 1.054660359492142732e+02
0.000000000000000000e+00 0.000000000000000000e+00 7.950085101371505703e-01 2.094352607994731663e-01 1.340244079990769721e-01 3.211679341208643068e-01 3.837950256268151117e-01 3.851691712856958327e-01 1.091191230738971925e+31 4.945536719349445210e+31 3.826267590912733846e+31 5.466164327005093366e+31 3.009479718405150433e+31 4.184548340920212474e+31 1.190540576652525857e+02
0.000000000000000000e+00 0.000000000000000000e+00 7.937987465719394953e-01 1.765108229779645821e-01 1.459404378311514872e-01 3.304317773749973486e-01 3.897483722812444262e-01 3.843010642666646048e-01 1.586573447772161751e+31 6.881900213567743548e+31 6.207662155603771196e+31 8.545913591476353876e+31 5.343637464483494705e+31 7.044454175515102089e+31 1.343927314513515796e+02
0.000000000000000000e+00 0.000000000000000000e+00 7.659968202248125246e-01 1.549770579546934368e-01 1.595051993721241512e-01 3.300863131663810401e-01 3.987921596201561281e-01 3.918130494590135737e-01 2.202559302735296315e+31 9.760485597551564190e+31 9.758442335078158089e+31 1.191823673046100723e+32 8.701924426746375087e+31 9.930698307251530213e+31 1.517076076292902371e+02
0.000000000000000000e+00 0.000000000000000000e+00 7.439219565606823847e-01 1.388866377210998537e-01 1.696585982938733639e-01 3.307272605303256952e-01 4.102805089587533982e-01 3.978391617982711681e-01 2.907199788289644170e+31 1.329019327318141688e+32 1.458394491053305651e+32 1.759013044586636037e+32 1.327681470768933400e+32 1.510233364419099216e+32 1.712532959487759285e+02
0.000000000000000000e+00 0.000000000000000000e+00 6.986518122553687649e-01 1.238329993015390151e-01 1.806711640956675247e-01 3.314750859311439979e-01 4.171039904574389556e-01 4.022031011242627185e-01 3.833955409737442718e+31 1.716925710824149745e+32 2.168632665989657142e+32 2.459453599160422110e+32 1.997629489843214114e+32 2.178383889646314400e+32 1.933172095428701880e+02
0.000000000000000000e+00 0.000000000000000000e+00 6.486870620625793116e-01 1.164951501576887011e-01 1.935048776623412570e-01 3.345833341617672763e-01 4.254368249392073698e-01 4.129539624839523859e-01 5.008977994259826885e+31 2.121913247146637499e+32 3.187742891758822399e+32 3.444456018441090258e+32 2.875704496953247229e+32 3.008450534375877501e+32 2.182237912467406886e+02
0.000000000000000000e+00 0.000000000000000000e+00 5.916804120842364956e-01 1.245504076900068036e-01 2.028305274661340307e-01 3.380929665566702602e-01 4.368600628343269343e-01 4.186521391388919322e-01 6.724625283385326841e+31 2.509004348185859566e+32 4.537246310863808922e+32 4.675214886608413586e+32 4.074689735141771895e+32 4.055304257227339955e+32 2.463392844264103019e+02
0.000000000000000000e+00 0.000000000000000000e+00 5.443893908696445516e-01 1.416859032487068626e-01 2.129396294607598938e-01 3.399749770054451559e-01 4.479990754756489335e-01 4.221777900904373770e-01 9.146092270875287304e+31 2.839624963058515964e+32 6.268507363506395471e+32 6.232529232776919232e+32 5.628104913332553445e+32 5.465196659554082319e+32 2.780771184710238231e+02
0.000000000000000000e+00 0.000000000000000000e+00 5.252971275186212319e-01 1.613565164385717121e-01 2.230167206148082615e-01 3.432805484495568549e-01 4.533588535652600671e-01 4.244142568935091453e-01 1.246039699010716546e+32 3.118577436270991007e+32 8.203941696414915091e+32 7.792557634288976183e+32 7.684128655753316023e+32 7.091944591699441151e+32 3.139039881405850565e+02
0.000000000000000000e+00 0.000000000000000000e+00 5.184675597453932694e-01 1.818969756765572154e-01 2.338722286043078413e-01 3.486779902600158909e-01 4.569495712682439259e-01 4.256708342806731493e-01 1.709830558831639077e+32 3.408379424838893731e+32 1.032408484396500179e+33 9.463396783571182366e+32 1.014093531875274815e+33 9.186573726832844128e+32 3.543467161640334666e+02
0.000000000000000000e+00 0.000000000000000000e+00 5.013979615931346556e-01 2.017539046015703053e-01 2.477782289168426466e-01 3.575900385180992291e-01 4.570941137778957719e-01 4.298453851856564034e-01 2.341750811441849151e+32 3.737525770067679411e+32 1.255642177463378313e+33 1.126353806138751083e+33 1.272373928637849251e+33 1.138303819704981368e+33 4.000000000000002274e+02
