# disk star misalignment analysis of myers data. column 0: age(years), column 1: masses(g), column 2-2+ntimes: misalignment profiles, column 3+ntimes - 3+2ntimes: mass profiles, column 4+2ntimes: radii(AU)
1.744688029872582294e+06 6.129210438173419836e+32 6.876140172100558834e-01 1.559839023667535907e+00 1.215201751750918824e+00 1.074081118581157623e+00 1.135635097698339147e+00 1.641589562119984302e+00 1.104071682599584962e+30 7.891919713081183441e+29 2.853545295008487689e+29 3.316917221768146856e+29 1.967065615820119968e+29 3.216672407973290505e+28 4.000000000000001421e+01
1.776329666954114335e+06 9.260588318956150421e+32 4.924488446729842761e-01 1.559839023667535907e+00 1.257497357765736457e+00 1.074081118581157623e+00 9.707302779875858212e-01 1.960057158747891437e+00 1.831900866993898700e+30 7.891919713081183441e+29 5.878515891716292023e+29 3.316917221768146856e+29 3.227857462145638493e+29 1.785075022265996279e+29 4.515351566738755906e+01
1.797477009020385332e+06 9.525893236787696037e+32 5.482286165625742669e-01 1.483702217179062366e+00 1.150962070580820562e+00 1.293667924272809078e+00 1.075282852085178265e+00 1.947953407053362618e+00 1.981380730403056107e+30 1.259103441433221381e+30 1.241546651443167397e+30 1.018400249940321719e+30 3.844858772565845927e+29 3.444846235760778324e+29 5.097099942812531026e+01
1.807726130550413160e+06 9.613729720190935968e+32 7.244972934980633550e-01 1.319018787120891600e+00 1.126468863589543901e+00 1.127908615939069215e+00 1.154371657829633913e+00 1.903038182174722870e+00 3.103977537568826028e+30 3.574821333813141077e+30 1.674655307051715320e+30 3.337882926021129704e+30 9.585304957526441981e+29 1.107106395167977931e+30 5.753799553150643220e+01
1.823548581118789036e+06 1.048432632459494051e+33 7.246833691502907460e-01 1.380078638847266559e+00 1.155966773518022572e+00 1.142795832952146151e+00 1.171654082947292563e+00 1.968830707061695273e+00 4.212622305866999263e+30 5.257386196273540922e+30 2.505709139732949092e+30 4.177723154898649486e+30 2.346068430617648845e+30 2.060709312125468806e+30 6.495106956754899841e+01
1.839193085747437552e+06 1.060432266546850926e+33 5.704951504300354026e-01 1.331336910543655438e+00 1.192473599897871273e+00 1.100576650744842233e+00 1.169381591013302080e+00 1.937576082972993330e+00 6.012403551421380085e+30 7.059669196157755848e+30 4.463681920417357786e+30 8.248524308130171988e+30 3.247416258323985395e+30 3.437366229352785783e+30 7.331922843329753903e+01
0.000000000000000000e+00 0.000000000000000000e+00 6.460111805018207143e-01 1.346975684553464392e+00 1.156227730285178223e+00 1.124010053742259041e+00 1.167003761758402813e+00 1.978272689075551094e+00 8.283503024520638032e+30 1.103531136676129491e+31 6.716761122079569532e+30 1.215790401101093701e+31 5.474407718902675819e+30 6.428349057096786567e+30 8.276552324459164822e+01
0.000000000000000000e+00 0.000000000000000000e+00 6.398528493862084554e-01 1.319626488532205100e+00 1.164105080902370304e+00 1.129254101040367830e+00 1.129240731795510211e+00 1.940884202025744631e+00 1.057528179969011201e+31 2.125466157999230909e+31 1.324396195873183905e+31 2.110362643755076269e+31 1.065496184463059822e+31 1.422268754273110477e+31 9.342885876360489306e+01
0.000000000000000000e+00 0.000000000000000000e+00 6.280401495466043649e-01 1.311253773570588477e+00 1.186278443751604961e+00 1.105678613491118734e+00 1.142346709263239113e+00 1.939077768674686952e+00 1.515104940430562073e+31 3.026056628774923431e+31 1.974855340819668740e+31 3.457341115979724168e+31 1.896632997875445093e+31 2.454222972254953845e+31 1.054660359492142732e+02
0.000000000000000000e+00 0.000000000000000000e+00 6.081410578116985821e-01 1.305973584093903073e+00 1.185704803285269726e+00 1.081293287478698906e+00 1.129021612949571152e+00 1.927779552576326827e+00 2.002492574462834838e+31 4.171878969173286192e+31 3.493440113603652904e+31 5.015581656651031877e+31 3.311133837660224947e+31 4.176643409255892945e+31 1.190540576652525857e+02
0.000000000000000000e+00 0.000000000000000000e+00 6.288624391400203795e-01 1.302798393584386316e+00 1.189523106808687558e+00 1.090066649245650776e+00 1.113452362987814359e+00 1.894922956049370333e+00 2.755763882779714524e+31 6.484124095888833244e+31 5.490562798687292181e+31 8.312573422888003768e+31 5.359973126583868021e+31 7.031514715668224681e+31 1.343927314513515796e+02
0.000000000000000000e+00 0.000000000000000000e+00 6.434492096601593936e-01 1.296984887265704378e+00 1.179965465631374499e+00 1.070324149548681714e+00 1.099389051113728311e+00 1.885936995004151573e+00 3.749853702353543906e+31 9.388488530584814273e+31 8.430024229455995516e+31 1.226232656760658059e+32 8.514643618678669064e+31 1.031486498427774877e+32 1.517076076292902371e+02
0.000000000000000000e+00 0.000000000000000000e+00 6.628700449063680278e-01 1.285823373753980370e+00 1.177500653865852787e+00 1.063573061701006850e+00 1.093354657818759179e+00 1.861479271394695711e+00 5.153214315856468282e+31 1.302528618246484064e+32 1.333096306052898184e+32 1.733166437544041841e+32 1.293926509401660526e+32 1.563882596457684493e+32 1.712532959487759285e+02
0.000000000000000000e+00 0.000000000000000000e+00 6.958636446803606601e-01 1.278577371114883343e+00 1.163224195750531376e+00 1.056312834298856806e+00 1.084726599372523026e+00 1.849823452505370502e+00 7.138942502442724880e+31 1.764946636636081929e+32 2.025911860049128607e+32 2.463361446044785215e+32 1.996083567999201305e+32 2.237920366451790182e+32 1.933172095428701880e+02
0.000000000000000000e+00 0.000000000000000000e+00 7.245649722981456486e-01 1.270252061446270009e+00 1.148262401947382827e+00 1.045881441276820256e+00 1.077453774679091536e+00 1.837615664539940408e+00 9.830719574265122934e+31 2.159844344816771861e+32 3.009571876888390361e+32 3.427269834292901358e+32 2.879173161402614604e+32 3.069403833518123939e+32 2.182237912467406886e+02
0.000000000000000000e+00 0.000000000000000000e+00 7.688783272773154209e-01 1.265318271257727556e+00 1.133854621354577930e+00 1.039349995927151271e+00 1.071192158361531366e+00 1.826231902772391225e+00 1.321506970588417264e+32 2.534181322074856891e+32 4.386566662555817038e+32 4.690188343328058094e+32 4.084836131208590371e+32 4.097019054908278088e+32 2.463392844264103019e+02
0.000000000000000000e+00 0.000000000000000000e+00 8.154556545016378166e-01 1.267761899764316968e+00 1.120925998740456064e+00 1.032290957889577143e+00 1.062451893016222559e+00 1.816287770543814517e+00 1.739022641113618107e+32 2.827839595114129053e+32 6.227315792157505827e+32 6.119940507898793463e+32 5.723593674615123078e+32 5.409909032467052120e+32 2.780771184710238231e+02
0.000000000000000000e+00 0.000000000000000000e+00 8.749168704162695320e-01 1.276376326190642230e+00 1.108744527675464386e+00 1.023681979585267188e+00 1.048902350432393549e+00 1.803747026051342850e+00 2.207088654046754207e+32 3.115833925980532396e+32 8.294124900364166084e+32 7.814495513697919689e+32 7.691326779696909582e+32 7.045953650672099187e+32 3.139039881405850565e+02
0.000000000000000000e+00 0.000000000000000000e+00 9.434340735007084033e-01 1.281895266792275834e+00 1.094762967176957202e+00 1.015264493505009469e+00 1.033480097678178611e+00 1.789167127055321549e+00 2.803159939741195126e+32 3.421457742755683757e+32 1.066375229704389260e+33 9.520386989724495397e+32 1.007979546454274321e+33 9.120206568210538583e+32 3.543467161640334666e+02
0.000000000000000000e+00 0.000000000000000000e+00 9.872868200533013727e-01 1.285774780877788404e+00 1.081097170161367638e+00 1.004945437007460418e+00 1.018684085450054067e+00 1.777428999673636101e+00 3.429545790140541905e+32 3.748373142688371426e+32 1.275037406854638988e+33 1.134846044485694951e+33 1.271641088607139944e+33 1.127772689524593328e+33 4.000000000000002274e+02
