# disk star misalignment analysis of myers data. column 0: age(years), column 1: masses(g), column 2-2+ntimes: misalignment profiles, column 3+ntimes - 3+2ntimes: mass profiles, column 4+2ntimes: radii(AU)
1.823548581118789036e+06 5.719233463251457659e+32 1.528187949725117845e+00 2.915479180075338572e+00 9.272816834724791677e+28 1.434135743014571749e+30 4.000000000000001421e+01
1.839193085747437552e+06 7.097720911936449041e+32 5.525246540449524346e-01 2.158953437793696306e+00 2.302117056067627161e+29 2.315302086909857510e+30 4.515351566738755906e+01
0.000000000000000000e+00 0.000000000000000000e+00 1.021480657876120635e+00 2.237846486447053085e+00 3.973081489427140538e+29 2.872198066166244196e+30 5.097099942812531026e+01
0.000000000000000000e+00 0.000000000000000000e+00 7.721616751901397846e-01 2.147546746893126191e+00 6.076136409888399021e+29 4.439374911299108146e+30 5.753799553150643220e+01
0.000000000000000000e+00 0.000000000000000000e+00 9.437523165791504853e-01 2.094921435083807015e+00 7.197730316865069134e+29 5.689602500152286100e+30 6.495106956754899841e+01
0.000000000000000000e+00 0.000000000000000000e+00 1.026954041469211765e+00 2.135443052309386580e+00 1.057711900290667792e+30 7.343628784597323335e+30 7.331922843329753903e+01
0.000000000000000000e+00 0.000000000000000000e+00 1.139033090252868474e+00 1.915128567945749927e+00 1.781769539362090926e+30 9.058175071750128927e+30 8.276552324459164822e+01
0.000000000000000000e+00 0.000000000000000000e+00 1.261237392220691644e+00 1.930197295338833996e+00 2.286486882455559405e+30 1.168628739692552845e+31 9.342885876360489306e+01
0.000000000000000000e+00 0.000000000000000000e+00 1.445138340577496239e+00 1.771358911743402542e+00 3.342074747784496260e+30 1.533764443872423579e+31 1.054660359492142732e+02
0.000000000000000000e+00 0.000000000000000000e+00 1.578332797115970632e+00 1.604114424481051682e+00 4.807677885807917163e+30 2.045332738240989102e+31 1.190540576652525857e+02
0.000000000000000000e+00 0.000000000000000000e+00 1.684643044873267437e+00 1.580085100767498085e+00 6.477275966573072813e+30 2.596659616229006216e+31 1.343927314513515796e+02
0.000000000000000000e+00 0.000000000000000000e+00 1.800682453864692834e+00 1.397726453959754700e+00 9.533802544145297769e+30 3.511834898820508468e+31 1.517076076292902371e+02
0.000000000000000000e+00 0.000000000000000000e+00 1.904591859152044764e+00 1.292990145915246858e+00 1.390803646769235984e+31 4.692485755415554991e+31 1.712532959487759285e+02
0.000000000000000000e+00 0.000000000000000000e+00 1.990276314717403849e+00 1.218155123144416763e+00 2.047229139121476924e+31 6.096333409743878899e+31 1.933172095428701880e+02
0.000000000000000000e+00 0.000000000000000000e+00 2.032575471264190803e+00 1.126867062300226596e+00 3.152099439667812563e+31 8.245980706985584213e+31 2.182237912467406886e+02
0.000000000000000000e+00 0.000000000000000000e+00 2.058272318871478213e+00 1.075834638425509082e+00 4.659883817998022489e+31 1.075979334348856453e+32 2.463392844264103019e+02
0.000000000000000000e+00 0.000000000000000000e+00 2.075713590852858559e+00 1.065169288997042996e+00 6.787845148841662114e+31 1.366050420042236167e+32 2.780771184710238231e+02
0.000000000000000000e+00 0.000000000000000000e+00 2.090914838779738272e+00 1.070817834278015690e+00 9.542744321272514858e+31 1.688329520336752589e+32 3.139039881405850565e+02
0.000000000000000000e+00 0.000000000000000000e+00 2.098495372059586916e+00 1.089858686566684609e+00 1.279837682604099825e+32 2.072820418979050788e+32 3.543467161640334666e+02
0.000000000000000000e+00 0.000000000000000000e+00 2.091524193345970950e+00 1.123669598283400628e+00 1.639425544782638554e+32 2.523624872249396087e+32 4.000000000000002274e+02
