# disk star misalignment analysis of myers data. column 0: age(years), column 1: masses(g), column 2-2+ntimes: misalignment profiles, column 3+ntimes - 3+2ntimes: mass profiles, column 4+2ntimes: radii(AU)
1.797477009020385332e+06 5.706177226793732559e+32 2.537350500823569277e+00 2.726641799471638983e+00 2.496332722110814473e+00 2.842077189267184334e+00 3.368288914276102401e+28 6.994813905008369272e+28 5.572252089403179284e+28 2.478967950211541112e+29 5.239166666666659467e+02
1.807726130550413160e+06 5.886227385077040207e+32 2.180837021572857193e+00 2.726641799471638983e+00 2.524518226865258619e+00 2.273213910451100439e+00 5.327448459469532907e+28 6.994813905008369272e+28 7.731347135878000329e+28 4.018833329973088162e+29 5.385393360017970963e+02
1.823548581118789036e+06 7.440546183979320797e+32 2.077339525228225181e+00 2.512809984672969676e+00 2.588507340147710334e+00 1.880874403436451958e+00 9.335835707917688854e+28 1.866658468865617985e+29 1.358906787814963829e+29 6.239000666904287514e+29 5.535701283688694048e+02
1.839193085747437552e+06 8.326828658883136802e+32 2.455887136267842941e+00 2.530229006309419493e+00 2.510575825719992160e+00 1.833503530262440062e+00 2.335270964447116409e+29 1.899396197533988012e+29 1.899099945760112202e+29 8.275178949101838249e+29 5.690204346025783479e+02
0.000000000000000000e+00 0.000000000000000000e+00 2.425196799531662339e+00 2.576981134945566243e+00 2.671805910128827843e+00 2.110340792132280097e+00 3.645135283856199716e+29 3.666366792877792803e+29 3.782276419452473876e+29 1.256274248735991946e+30 5.849019634591893464e+02
0.000000000000000000e+00 0.000000000000000000e+00 2.422610478995237848e+00 2.573267656168336970e+00 2.559739665488627303e+00 2.351104857160399408e+00 5.865181252915823760e+29 6.419784007922563563e+29 8.975497241727993853e+29 1.830658769187653054e+30 6.012267504898226207e+02
0.000000000000000000e+00 0.000000000000000000e+00 2.378026487574564918e+00 2.536934655920415782e+00 2.457140447177919018e+00 2.208014249716753419e+00 8.585422123981233933e+29 1.117594227997809617e+30 1.371180477311997095e+30 2.422614351883108313e+30 6.180071671613951594e+02
0.000000000000000000e+00 0.000000000000000000e+00 2.422933753740279528e+00 2.500478065029613450e+00 2.504191520345117716e+00 2.104664362259254240e+00 1.685620247373587652e+30 1.915049436427790325e+30 2.204405925967057345e+30 3.532452826242315109e+30 6.352559302321293444e+02
0.000000000000000000e+00 0.000000000000000000e+00 2.458478358418262566e+00 2.483724032119444480e+00 2.461072285382720715e+00 2.196629619315946691e+00 2.735741411428530678e+30 2.871432524924003064e+30 3.650854068365253702e+30 4.809903141003375298e+30 6.529861113887361626e+02
0.000000000000000000e+00 0.000000000000000000e+00 2.425039921168206103e+00 2.498080605839751556e+00 2.446509662853349809e+00 2.188846145684311129e+00 4.152721206755032741e+30 4.370933990684104681e+30 5.901791280077416527e+30 6.743011321569293423e+30 6.712111471525763591e+02
0.000000000000000000e+00 0.000000000000000000e+00 2.459696357101269548e+00 2.503424300886420095e+00 2.434952496477003070e+00 2.184640747799490246e+00 6.844034849093461830e+30 7.006306589685674372e+30 9.248992448529232968e+30 9.036615706712643430e+30 6.899448490622937697e+02
0.000000000000000000e+00 0.000000000000000000e+00 2.442416938948034577e+00 2.481166066584894025e+00 2.405827266036047796e+00 2.173029677755326627e+00 1.008522822775760131e+31 1.052928964003034242e+31 1.366070504982497408e+31 1.234290891468552112e+31 7.092014141406742738e+02
0.000000000000000000e+00 0.000000000000000000e+00 2.461232931704185667e+00 2.472062280443154236e+00 2.415542910877211735e+00 2.202564693778438887e+00 1.611861502333374857e+31 1.632274441793061713e+31 1.950385528347453665e+31 1.645797647004791207e+31 7.289954356536115938e+02
0.000000000000000000e+00 0.000000000000000000e+00 2.462612074565496911e+00 2.465174990685591982e+00 2.401474957656685394e+00 2.185968187373922067e+00 2.536572783441138070e+31 2.442798815172973609e+31 2.694084648988249915e+31 2.261654796548249851e+31 7.493419141693728989e+02
0.000000000000000000e+00 0.000000000000000000e+00 2.435783213549242543e+00 2.462540811262476037e+00 2.398430650684419962e+00 2.166624434886894601e+00 3.743979781243245098e+31 3.663437482153637626e+31 3.623933770926987280e+31 3.079553487011361959e+31 7.702562689265281506e+02
0.000000000000000000e+00 0.000000000000000000e+00 2.419778449953672972e+00 2.452650922302704206e+00 2.407577808625039673e+00 2.147856516214168288e+00 5.470622807892763870e+31 5.508004141000310571e+31 4.809369423350227017e+31 4.257162670188139526e+31 7.917543495191625880e+02
0.000000000000000000e+00 0.000000000000000000e+00 2.393085457781456871e+00 2.441242617105012780e+00 2.412702665537068469e+00 2.129840528444354675e+00 8.049491445835897000e+31 7.924022295165865373e+31 6.275624289920574940e+31 5.729938432214432722e+31 8.138524479082266225e+02
0.000000000000000000e+00 0.000000000000000000e+00 2.385410756728260750e+00 2.420193019996649042e+00 2.396575724570464860e+00 2.122577608127324211e+00 1.131772080645877221e+32 1.079876990626347014e+32 8.244900235360599667e+31 7.584746207261717085e+31 8.365673107681261627e+02
0.000000000000000000e+00 0.000000000000000000e+00 2.397750599705049446e+00 2.402408113579360460e+00 2.301791088478336800e+00 2.096794617897408841e+00 1.586106362468702895e+32 1.388840444971714181e+32 1.162984861736009185e+32 9.765290345914853655e+31 8.599161521779092254e+02
0.000000000000000000e+00 0.000000000000000000e+00 2.407796204749427016e+00 2.382348783879515874e+00 2.203075672246967542e+00 2.069194380338278627e+00 2.100195991197843813e+32 1.725519593682477747e+32 1.631153514194242212e+32 1.220131076206813630e+32 8.839166666666685614e+02
