# disk star misalignment analysis of myers data. column 0: age(years), column 1: masses(g), column 2-2+ntimes: misalignment profiles, column 3+ntimes - 3+2ntimes: mass profiles, column 4+2ntimes: radii(AU)
1.807726130550413160e+06 5.337680690743213776e+32 1.191505573566155052e+00 2.194860490891521909e+00 2.895007625563325249e+00 1.567108374892553624e+29 4.415122879357701516e+29 6.682700167064851294e+29 4.000000000000001421e+01
1.823548581118789036e+06 8.503838764312580116e+32 1.773671474605628795e+00 2.169294777959925202e+00 2.894731794424957094e+00 3.142618083535217499e+29 8.356548287376776984e+29 6.689764298766657452e+29 4.515351566738755906e+01
1.839193085747437552e+06 1.375468845996712688e+33 1.519414026941052098e+00 2.282221797186600565e+00 2.901310399786787286e+00 5.209610519949062706e+29 1.216825842964008422e+30 1.792570742146264356e+30 5.097099942812531026e+01
0.000000000000000000e+00 0.000000000000000000e+00 1.421292365311862538e+00 2.178229844874222998e+00 2.833163632636261919e+00 6.466478175721071494e+29 2.006349196554290014e+30 2.121740946464719131e+30 5.753799553150643220e+01
0.000000000000000000e+00 0.000000000000000000e+00 1.488326306367413698e+00 2.239859557360406317e+00 2.751706243186848866e+00 8.690752224049401644e+29 2.471024825011311630e+30 3.132885549463753945e+30 6.495106956754899841e+01
0.000000000000000000e+00 0.000000000000000000e+00 1.637573403837316643e+00 1.922596325379986260e+00 2.791074677300294571e+00 1.450393900622146712e+30 3.769576902246408439e+30 7.331441153402750106e+30 7.331922843329753903e+01
0.000000000000000000e+00 0.000000000000000000e+00 1.475710582355751921e+00 1.967782527117603486e+00 2.743495102301422683e+00 2.645158481826494146e+30 5.936403295885899321e+30 9.776134577701838427e+30 8.276552324459164822e+01
0.000000000000000000e+00 0.000000000000000000e+00 1.631998052505572616e+00 1.795646932506828275e+00 2.678126710312857206e+00 3.233818100244037624e+30 7.818316050139246469e+30 1.571640269849211897e+31 9.342885876360489306e+01
0.000000000000000000e+00 0.000000000000000000e+00 1.671667159383803725e+00 1.737520673649962433e+00 2.667452453971498993e+00 5.923402026341307422e+30 1.176858090024215457e+31 2.226101391066146414e+31 1.054660359492142732e+02
0.000000000000000000e+00 0.000000000000000000e+00 1.739020511116261769e+00 1.618768514750373866e+00 2.614640968540801858e+00 8.410495634184185002e+30 1.812682364857088177e+31 3.126978269135075227e+31 1.190540576652525857e+02
0.000000000000000000e+00 0.000000000000000000e+00 1.842655871937072476e+00 1.584812639108181376e+00 2.580602048808972260e+00 1.180186362361029793e+31 2.547927326447953909e+31 4.190479885122976059e+31 1.343927314513515796e+02
0.000000000000000000e+00 0.000000000000000000e+00 1.900796929813501457e+00 1.551926691440842943e+00 2.550028806300418172e+00 1.735378440333845768e+31 3.923194494649196540e+31 5.496897869921372973e+31 1.517076076292902371e+02
0.000000000000000000e+00 0.000000000000000000e+00 2.038763680961766411e+00 1.530305798568859732e+00 2.513875216977242921e+00 2.377477028033923377e+31 5.702206846561207773e+31 7.006400807027942442e+31 1.712532959487759285e+02
0.000000000000000000e+00 0.000000000000000000e+00 2.059037535566238919e+00 1.555892226275861434e+00 2.474891873384630792e+00 3.216120473209279932e+31 8.127121224716888065e+31 8.727678759917809577e+31 1.933172095428701880e+02
0.000000000000000000e+00 0.000000000000000000e+00 2.117570875744088976e+00 1.578524594288087668e+00 2.434219061830355191e+00 4.489674878390716373e+31 1.135863369952405153e+32 1.093511952904167704e+32 2.182237912467406886e+02
0.000000000000000000e+00 0.000000000000000000e+00 2.111336659722264919e+00 1.599282224986529277e+00 2.396522965052055643e+00 5.899288826453666670e+31 1.540891858226692817e+32 1.345155786322298845e+32 2.463392844264103019e+02
0.000000000000000000e+00 0.000000000000000000e+00 2.080019272047544110e+00 1.607302421542139648e+00 2.375331825286634224e+00 7.492213219190560494e+31 2.067363248033051730e+32 1.606963348271904288e+32 2.780771184710238231e+02
0.000000000000000000e+00 0.000000000000000000e+00 2.029734535596852574e+00 1.600666345239815769e+00 2.372638583921449218e+00 9.586152599729108126e+31 2.669830598609684697e+32 1.882468255940836494e+32 3.139039881405850565e+02
0.000000000000000000e+00 0.000000000000000000e+00 1.975067516611111129e+00 1.599588741328383801e+00 2.380587876079405252e+00 1.231939252229630863e+32 3.290447410764309352e+32 2.168445934337386469e+32 3.543467161640334666e+02
0.000000000000000000e+00 0.000000000000000000e+00 1.915052640327796984e+00 1.604916022715345170e+00 2.384552015366442568e+00 1.594867501237506267e+32 4.013164011359041200e+32 2.472072465862193585e+32 4.000000000000002274e+02
