# disk star misalignment analysis of myers data. column 0: age(years), column 1: masses(g), column 2-2+ntimes: misalignment profiles, column 3+ntimes - 3+2ntimes: mass profiles, column 4+2ntimes: radii(AU)
1.839193085747437552e+06 5.251124656095744846e+32 1.494695767275779685e+00 1.447566199306550454e+30 4.000000000000001421e+01
0.000000000000000000e+00 0.000000000000000000e+00 1.783407263989246871e+00 1.867079443343958711e+30 4.515351566738755906e+01
0.000000000000000000e+00 0.000000000000000000e+00 1.473772605600720986e+00 2.521480053177194111e+30 5.097099942812531026e+01
0.000000000000000000e+00 0.000000000000000000e+00 1.694957686306242772e+00 3.491703881089951375e+30 5.753799553150643220e+01
0.000000000000000000e+00 0.000000000000000000e+00 1.697054778550582954e+00 5.228891424428299666e+30 6.495106956754899841e+01
0.000000000000000000e+00 0.000000000000000000e+00 1.651234659436818353e+00 8.670471039100690477e+30 7.331922843329753903e+01
0.000000000000000000e+00 0.000000000000000000e+00 1.628540478058483121e+00 1.077686458952711975e+31 8.276552324459164822e+01
0.000000000000000000e+00 0.000000000000000000e+00 1.611827638181935196e+00 1.505861794464870646e+31 9.342885876360489306e+01
0.000000000000000000e+00 0.000000000000000000e+00 1.544561748154644087e+00 1.889365333779249208e+31 1.054660359492142732e+02
0.000000000000000000e+00 0.000000000000000000e+00 1.517271443349155202e+00 2.640281448678023258e+31 1.190540576652525857e+02
0.000000000000000000e+00 0.000000000000000000e+00 1.465313542309275130e+00 3.447225525492867023e+31 1.343927314513515796e+02
0.000000000000000000e+00 0.000000000000000000e+00 1.425985736909791024e+00 4.776862056685855979e+31 1.517076076292902371e+02
0.000000000000000000e+00 0.000000000000000000e+00 1.398653783010004537e+00 6.175745396443266676e+31 1.712532959487759285e+02
0.000000000000000000e+00 0.000000000000000000e+00 1.384464692474443259e+00 7.959650464977348058e+31 1.933172095428701880e+02
0.000000000000000000e+00 0.000000000000000000e+00 1.382670228308553240e+00 1.015032745556626864e+32 2.182237912467406886e+02
0.000000000000000000e+00 0.000000000000000000e+00 1.380390686891453722e+00 1.255812985978975787e+32 2.463392844264103019e+02
0.000000000000000000e+00 0.000000000000000000e+00 1.380207683123306328e+00 1.527966574410841711e+32 2.780771184710238231e+02
0.000000000000000000e+00 0.000000000000000000e+00 1.387070108634751442e+00 1.825912693749454017e+32 3.139039881405850565e+02
0.000000000000000000e+00 0.000000000000000000e+00 1.389225400998166382e+00 2.120773683779693314e+32 3.543467161640334666e+02
0.000000000000000000e+00 0.000000000000000000e+00 1.378537784696023616e+00 2.446934582748026708e+32 4.000000000000002274e+02
