# disk star misalignment analysis of myers data. column 0: age(years), column 1: masses(g), column 2-2+ntimes: misalignment profiles, column 3+ntimes - 3+2ntimes: mass profiles, column 4+2ntimes: radii(AU)
1.807726130550413160e+06 5.653263471544849322e+32 6.292693557003757876e-01 1.620210449450095069e+00 2.167309392445877059e+00 1.021972879842083987e+29 2.344273593953920598e+29 1.367589356488476483e+30 4.000000000000001421e+01
1.823548581118789036e+06 6.876744338972515399e+32 6.193217208167418608e-01 5.563317006725538860e-01 1.342540624712393882e+00 1.243993168198843890e+29 4.811005320762126942e+29 3.344025665443336733e+30 4.515351566738755906e+01
1.839193085747437552e+06 8.580980563471345085e+32 8.056562398000794989e-01 6.117322878297937194e-01 1.397658708451149590e+00 1.635209836415707916e+29 4.976770452298821765e+29 4.423872050447463701e+30 5.097099942812531026e+01
0.000000000000000000e+00 0.000000000000000000e+00 5.484852660828549720e-01 1.085769468996737874e+00 1.652837610214082265e+00 2.476372709137309515e+29 6.150512634128336002e+29 5.182692697579459056e+30 5.753799553150643220e+01
0.000000000000000000e+00 0.000000000000000000e+00 4.936386752586245374e-01 1.128083043141626440e+00 1.830552832661333174e+00 4.393526153308760457e+29 7.207037818635189078e+29 7.469347449571011679e+30 6.495106956754899841e+01
0.000000000000000000e+00 0.000000000000000000e+00 6.728792324210185472e-01 1.115837850538501375e+00 1.937082268552856812e+00 6.708925458258213719e+29 1.347951216789411871e+30 9.420712754549127695e+30 7.331922843329753903e+01
0.000000000000000000e+00 0.000000000000000000e+00 5.983648117525328658e-01 1.398085536796102479e+00 1.819980044025368837e+00 1.396026531505959559e+30 1.646199071792359652e+30 1.123710116818533274e+31 8.276552324459164822e+01
0.000000000000000000e+00 0.000000000000000000e+00 6.704975099833022645e-01 1.580984145215233116e+00 1.912191959723182233e+00 2.446850580083262155e+30 2.382067401497533748e+30 1.424261558447579827e+31 9.342885876360489306e+01
0.000000000000000000e+00 0.000000000000000000e+00 5.765577846389108307e-01 1.802587822014386276e+00 1.810281273213117048e+00 4.029215278460553000e+30 3.020584420176597008e+30 1.762538229956013052e+31 1.054660359492142732e+02
0.000000000000000000e+00 0.000000000000000000e+00 5.326778824462102824e-01 1.943836772697738358e+00 1.810346104991712446e+00 7.428708118339252288e+30 4.405966356422067919e+30 2.223470481434435092e+31 1.190540576652525857e+02
0.000000000000000000e+00 0.000000000000000000e+00 4.601898050466564638e-01 2.137751838453526787e+00 1.707583296407620077e+00 1.180054908640298975e+31 6.301205285135592994e+30 2.789860885815438845e+31 1.343927314513515796e+02
0.000000000000000000e+00 0.000000000000000000e+00 3.982309994523132723e-01 2.316195216648428978e+00 1.619697159670810960e+00 2.032413831906778399e+31 9.227922003090970130e+30 3.507728908974190334e+31 1.517076076292902371e+02
0.000000000000000000e+00 0.000000000000000000e+00 3.389756204664805539e-01 2.514109938069745809e+00 1.500077214913164037e+00 2.978174635962468247e+31 1.371462037659400079e+31 4.430187215691539727e+31 1.712532959487759285e+02
0.000000000000000000e+00 0.000000000000000000e+00 2.890495112430924163e-01 2.650703495569977974e+00 1.422505352745642160e+00 4.290723573219809298e+31 2.053179764252598712e+31 5.650247106536276504e+31 1.933172095428701880e+02
0.000000000000000000e+00 0.000000000000000000e+00 2.365587292138810749e-01 2.723196246499632434e+00 1.330499641477046024e+00 5.718956483380830111e+31 3.092767524883998131e+31 7.468616664261744264e+31 2.182237912467406886e+02
0.000000000000000000e+00 0.000000000000000000e+00 1.863975127304647039e-01 2.753959187491239469e+00 1.272786572995870946e+00 7.295805114005903300e+31 4.706380075935323706e+31 9.841555582038899564e+31 2.463392844264103019e+02
0.000000000000000000e+00 0.000000000000000000e+00 1.349354650843874459e-01 2.770426648109565626e+00 1.249380288437726971e+00 9.163405119055013722e+31 6.837182553646111025e+31 1.276453496265189280e+32 2.780771184710238231e+02
0.000000000000000000e+00 0.000000000000000000e+00 8.329654904547509342e-02 2.776620109928664704e+00 1.237155109300007938e+00 1.139887402663533967e+32 9.449793469565685936e+31 1.615390614534625785e+32 3.139039881405850565e+02
0.000000000000000000e+00 0.000000000000000000e+00 3.885084256011814285e-02 2.780113857706263847e+00 1.234810852783501556e+00 1.395200189511349637e+32 1.279795735101132370e+32 1.995068917930642030e+32 3.543467161640334666e+02
0.000000000000000000e+00 0.000000000000000000e+00 2.963587061696973390e-02 2.772285248052778428e+00 1.246197022073855853e+00 1.688018204237470020e+32 1.647306934964741729e+32 2.425490287245845194e+32 4.000000000000002274e+02
