# disk star misalignment analysis of myers data. column 0: age(years), column 1: masses(g), column 2-2+ntimes: misalignment profiles, column 3+ntimes - 3+2ntimes: mass profiles, column 4+2ntimes: radii(AU)
1.839193085747437552e+06 5.791503377673966690e+32 2.884238318221484798e-01 2.837904392346987472e+27 4.000000000000001421e+01
0.000000000000000000e+00 0.000000000000000000e+00 2.440141449242155258e-01 1.051993580120185720e+28 4.515351566738755906e+01
0.000000000000000000e+00 0.000000000000000000e+00 8.891924072050078065e-02 2.516069723414906913e+28 5.097099942812531026e+01
0.000000000000000000e+00 0.000000000000000000e+00 1.159703499281237171e-01 4.698662887290828068e+28 5.753799553150643220e+01
0.000000000000000000e+00 0.000000000000000000e+00 1.877890182904388416e-01 1.075011138915748619e+29 6.495106956754899841e+01
0.000000000000000000e+00 0.000000000000000000e+00 2.820321166954022352e-01 3.421798562909937819e+29 7.331922843329753903e+01
0.000000000000000000e+00 0.000000000000000000e+00 1.845083653384065325e-01 8.290596478232215091e+29 8.276552324459164822e+01
0.000000000000000000e+00 0.000000000000000000e+00 1.843036789751310023e-01 1.471598992951865917e+30 9.342885876360489306e+01
0.000000000000000000e+00 0.000000000000000000e+00 2.375116142216547876e-01 3.832554314103579362e+30 1.054660359492142732e+02
0.000000000000000000e+00 0.000000000000000000e+00 2.409483333215405032e-01 6.596827301906478492e+30 1.190540576652525857e+02
0.000000000000000000e+00 0.000000000000000000e+00 2.531830656751230535e-01 1.057886244502857649e+31 1.343927314513515796e+02
0.000000000000000000e+00 0.000000000000000000e+00 2.638785353747278295e-01 1.712089156534699118e+31 1.517076076292902371e+02
0.000000000000000000e+00 0.000000000000000000e+00 2.733762753242280907e-01 2.486286716175353429e+31 1.712532959487759285e+02
0.000000000000000000e+00 0.000000000000000000e+00 2.745673515413328269e-01 3.627563041917028590e+31 1.933172095428701880e+02
0.000000000000000000e+00 0.000000000000000000e+00 2.850652067923777899e-01 5.501844816696929471e+31 2.182237912467406886e+02
0.000000000000000000e+00 0.000000000000000000e+00 2.898829675937008021e-01 7.885731197149863437e+31 2.463392844264103019e+02
0.000000000000000000e+00 0.000000000000000000e+00 2.722238860768506630e-01 1.093148830539042630e+32 2.780771184710238231e+02
0.000000000000000000e+00 0.000000000000000000e+00 2.266942607274501087e-01 1.421400346534568965e+32 3.139039881405850565e+02
0.000000000000000000e+00 0.000000000000000000e+00 1.728363523916099098e-01 1.794240458604160998e+32 3.543467161640334666e+02
0.000000000000000000e+00 0.000000000000000000e+00 1.246963152433311489e-01 2.228069694289344569e+32 4.000000000000002274e+02
